Index,Feature,Label
0,CFTR,"0.126777251184834,0,0.197867298578199,0.431279620853081,0.004739336492891,0.239336492890995"
1,CFYG,"0.0979325353645267,0.216539717083787,0,0.465723612622416,0,0.219804134929271"
2,CFFH,"0,0.110872675250358,0.0371959942775393,0.59585121602289,0.256080114449213,0"
3,VCL,"0.830035239902413,0.0105719707237734,0.0512333965844402,0.00189753320683112,0.0647872052046625,0.0414746543778802"
4,CLVW,"0,0.137773722627737,0.0501824817518248,0.443430656934307,0.259124087591241,0.109489051094891"
5,CHHG,"0.120629370629371,0.13986013986014,0.261655011655012,0.242424242424242,0.235431235431235,0"
6,CDDE,"0.678020565552699,0.235034887991186,0.0809309585016526,0.00601358795446199,0,0"
7,CAFF,"0,0,0.00729040097205346,0.256379100850547,0.7363304981774,0"
8,CIIM,"0.0468085106382979,0,0.125531914893617,0.398936170212766,0.427659574468085,0.00106382978723404"
9,CPTP,"0.640224859462836,0,0.014366021236727,0.00437226733291693,0.281698938163648,0.0593379138038726"
10,CPVK,"0.641333125681358,0.16586201526242,0.0451643046254478,0.109951720915745,0.0372216165706276,0.000467216944401184"
11,CPGH,"0.134408602150538,0,0.0604838709677419,0.573252688172043,0.229166666666667,0.00268817204301075"
12,CINL,"0.592941176470588,0,0.0329411764705882,0.136470588235294,0,0.237647058823529"
13,CNFQ,"0.386126201420811,0.125783535311325,0.232344337651483,0.0881738403677392,0.163811115754283,0.00376096949435855"
14,CTRA,"0.357074417119131,0.145001596933887,0.194506547428936,0.22868093260939,0.0606834877036091,0.0140530182050463"
15,CDMR,"0.648446624620416,0.117028731604765,0.0925017519271198,0.052090633029666,0.0693763139453399,0.0205559448726933"
16,CYYS,"0.000876424189307625,0.14373356704645,0.0850131463628396,0.239263803680982,0.531113058720421,0"
17,CGQF,"0.393638170974155,0,0.133863485752154,0.148442677269715,0.246520874751491,0.0775347912524851"
18,CPAV,"0.641114982578397,0,0,0,0.182926829268293,0.17595818815331"
19,CPLI,"0.00383141762452107,0,0.407407407407407,0,0.58492975734355,0.00383141762452107"
20,KQC,"0.642797726327464,0.209482878136698,0.106474421183973,0.0383335643976154,0.00291140995424927,0"
21,CMHY,"0.00126262626262626,0.255050505050505,0.255050505050505,0.131313131313131,0.138888888888889,0.218434343434343"
22,STC,"0.481349206349206,0.00555555555555555,0.130952380952381,0.284920634920635,0.0170634920634921,0.0801587301587302"
23,CYQM,"0.214942528735632,0.0908045977011494,0,0.462068965517241,0,0.232183908045977"
24,CENE,"0.554301149743732,0.271644272059842,0.146142124948054,0.0270813132012744,0.000831140047097936,0"
25,CQFG,"0.213525026624068,0.174653887113951,0.00851970181043664,0.383386581469649,0.219914802981896,0"
26,CGYD,"0.239717978848414,0,0.162162162162162,0.226792009400705,0.133960047003525,0.237367802585194"
27,CRDT,"0.231759656652361,0.187410586552217,0.0257510729613734,0.00572246065808298,0.260371959942775,0.28898426323319"
28,CGAF,"0.0986842105263158,0,0.0131578947368421,0.445175438596491,0.442982456140351,0"
29,CAEK,"0.652458222329862,0.186001453136353,0.0858561395010898,0.0403245337854202,0.0272463066117704,0.00811334463550496"
30,CQYR,"0.312969454181272,0.234852278417626,0.158738107160741,0.0926389584376565,0.120180270405608,0.0806209313970956"
31,CDYH,"0.273206751054852,0.0770042194092827,0.213080168776371,0,0.234177215189873,0.20253164556962"
32,CLWS,"0,0,0,0.333333333333333,0.333333333333333,0.333333333333333"
33,CHGW,"0.286522148916117,0,0,0.190386427898209,0.492931196983977,0.0301602262016965"
34,CDLE,"0.597065847833504,0.211958375980894,0.134936881610372,0.0480211531900375,0.00801774138519277,0"
35,CTQQ,"0.640286598273897,0.115616349128806,0.137111219671063,0.0736036476143951,0.0169353525484449,0.0164468327633936"
36,KCN,"0.653057607090103,0.216838995568685,0.104874446085672,0.024519940915805,0.000709010339734121,0"
37,CRPK,"0.641602136181575,0.23781041388518,0.107716955941255,0.0126568758344459,0.000213618157543391,0"
38,CMKH,"0.24559686888454,0,0.108610567514677,0.39041095890411,0.11545988258317,0.139921722113503"
39,CVIV,"0.0451977401129944,0.159604519774011,0.0607344632768362,0.285310734463277,0.323446327683616,0.125706214689266"
40,CAGM,"0.810182975338107,0.075417661097852,0.0365950676213206,0.0175019888623707,0.0558472553699284,0.00445505171042164"
41,CGFM,"0.0200501253132832,0,0.0275689223057644,0.446115288220551,0.506265664160401,0"
42,CFEQ,"0.430089102124743,0.11240575736806,0.0863605209047293,0.260795065113091,0.110006854009596,0.000342700479780672"
43,CYNE,"0.197705802968961,0.0695006747638327,0.337381916329285,0.134952766531714,0.227395411605938,0.0330634278002699"
44,CDYS,"0.111167002012072,0.00100603621730382,0.46579476861167,0.288732394366197,0.0885311871227364,0.0447686116700201"
45,VMC,"0.841567986933442,0.068054988430652,0.0171498570845243,0.00108887981489043,0.0634272492173676,0.00871103851912345"
46,CVPS,"0.163623082542001,0,0,0.473338203067933,0.363038714390066,0"
47,CRMV,"0.537867537867538,0.115236115236115,0.0902880902880903,0.0891000891000891,0.167211167211167,0.000297000297000297"
48,IWC,"0,0,0.323717948717949,0.0288461538461538,0.323717948717949,0.323717948717949"
49,CVNE,"0.422542930215564,0.2120935330654,0.212641578370479,0.106503470953599,0.0440263061746438,0.00219218122031421"
50,CHIF,"0.0701956271576525,0,0,0.464902186421174,0.232451093210587,0.232451093210587"
51,CMFW,"0,0,0.3214709371293,0.204033214709371,0.438908659549229,0.0355871886120996"
52,CHVV,"0.00275482093663912,0.157943067033976,0.290174471992654,0.212121212121212,0.279155188246097,0.0578512396694215"
53,CKDI,"0.446945337620579,0.108520900321543,0.119774919614148,0.162379421221865,0,0.162379421221865"
54,CPTI,"0.179487179487179,0,0.00205128205128205,0.207179487179487,0.601025641025641,0.0102564102564103"
55,CTL,"0.806919036406448,0.0699148704944756,0.0148523818148886,0.0385799673972107,0.0595906538670531,0.0101430900199239"
56,CMP,"0.873044456949916,0.0730444569499156,0.0084411930219471,0.0092290377039955,0.0135059088351154,0.0227349465391109"
57,CAQG,"0.699061980527191,0.172346236048445,0.0995606744241273,0.0274875326525766,0.00154357634766089,0"
58,CGHL,"0.0291595197255575,0,0.0257289879931389,0.37221269296741,0.277873070325901,0.295025728987993"
59,CSGG,"0.360762234733651,0.00736249458640104,0.129060199220442,0.314854915547856,0.18796015591165,0"
60,FCQ,"0.683954619124797,0.0915721231766613,0.0410588870880605,0.0796866558616964,0.0683414370610481,0.0353862776877364"
61,CDLG,"0.69446004117537,0.153191091147296,0.0812277746584316,0.0529664982219727,0.0166573086281115,0.00149728616881902"
62,CLRD,"0.0566251415628539,0.0373725934314836,0.439411098527746,0.237825594563986,0,0.22876557191393"
63,CNIQ,"0.614728334081724,0.110163149229157,0.131267774285287,0.109564436461608,0.0333782367908996,0.000898069151324652"
64,CKWH,"0.00282752120640905,0.188501413760603,0,0.580584354382658,0.0754005655042413,0.152686145146089"
65,CLIH,"0.0229885057471264,0.171368861024033,0.211076280041797,0.00940438871473354,0.537095088819227,0.0480668756530826"
66,CGED,"0.44916820702403,0.250714165686439,0.154595866240968,0.107376911443455,0.0376407326499748,0.000504116955133591"
67,CLSR,"0.386973180076628,0.0711548987411056,0.112753147235906,0.21784345922277,0.105090311986864,0.106185002736727"
68,CNT,"0.757312984160019,0.132616487455197,0.0669441553936871,0.0194242108914325,0.000693721817551162,0.0230084402821135"
69,CQS,"0.684093230569226,0.13845296684929,0.104466524282663,0.0565512118116817,0.0163432073544433,9.28591326957006e-05"
70,CQLW,"0.00142045454545455,0,0.0894886363636364,0.372159090909091,0.396306818181818,0.140625"
71,CGA,"0.759582801566695,0.165603133389077,0.0599832768560489,0.0140386392641817,0.000792148923997712,0"
72,CTGA,"0.426223091976517,0.0140900195694716,0.104109589041096,0.335420743639922,0.120156555772994,0"
73,CSHF,"0.00125944584382872,0,0.224181360201511,0.146095717884131,0.518891687657431,0.109571788413098"
74,CRV,"0.687680239935402,0.189641250432576,0.0969546660514477,0.024339600876687,0.00138424270388741,0"
75,CWLD,"0.108082706766917,0.184210526315789,0.18984962406015,0.138157894736842,0.18984962406015,0.18984962406015"
76,CTMG,"0.465730800990917,0.146985962014864,0.112303881090008,0.0247729149463254,0.250206440957886,0"
77,CWFL,"0,0,0.180094786729858,0.31911532385466,0.181674565560821,0.31911532385466"
78,CYNG,"0.315789473684211,0.166341780376868,0.124106562703054,0.131254061078622,0.16829109811566,0.0942170240415854"
79,CGTP,"0.389318341531975,0.000702740688685875,0.0084328882642305,0.328882642304989,0.153900210822207,0.118763176387913"
80,CGSF,"0,0,0.0975,0.25125,0.545,0.10625"
81,CFWV,"0,0.237064910630292,0,0.195672624647225,0.567262464722484,0"
82,CTQW,"0.147684605757196,0,0,0.548185231539424,0.0938673341677096,0.21026282853567"
83,CKVR,"0.544465199382766,0.252172500609112,0.157638268496711,0.0419881426134979,0.00373588889791278,0"
84,CVYK,"0.493081761006289,0.252830188679245,0,0,0,0.254088050314465"
85,CAHI,"0.275583482944345,0.0448833034111311,0.136445242369838,0.180430879712747,0.181328545780969,0.181328545780969"
86,TCD,"0.664782362916902,0.150367439231204,0.0601092896174863,0.0584134162426983,0.0565291124929339,0.0097983794987752"
87,CHDS,"0.163934426229508,0.00702576112412178,0.366900858704137,0.157689305230289,0.146760343481655,0.157689305230289"
88,CTE,"0.698618755841728,0.136358915775262,0.0877557378751688,0.0580537958251116,0.0179665593519576,0.00124623533077163"
89,CYDS,"0.413647851727043,0.0817186183656276,0.164279696714406,0,0.170176916596462,0.170176916596462"
90,CRYQ,"0.159177456207159,0.295506473724296,0.00913937547600914,0.23000761614623,0.182787509520183,0.123381568926123"
91,CESQ,"0.543079353505894,0.210353627415239,0.164418519868757,0.0617328958561186,0.0198079961113136,0.000607607242678333"
92,CMST,"0.383586083853702,0,0.0231935771632471,0.232827832292596,0.20249776984835,0.157894736842105"
93,CLKI,"0.47000705716302,0.109386026817219,0.115031757233592,0.142554693013409,0.0204657727593507,0.142554693013409"
94,CEVM,"0.654148936170213,0.134255319148936,0.110957446808511,0.0846808510638298,0.0159574468085106,0"
95,CRYW,"0.00598802395209581,0,0.260479041916168,0.431137724550898,0,0.302395209580838"
96,CRQQ,"0.568319020491455,0.225320976107474,0.138083496301335,0.0667460249978743,0.00153048210186209,0"
97,YCD,"0.525077674212162,0.0812250332889481,0.00710164225477142,0.208166888592987,0.166444740346205,0.0119840213049268"
98,CTAY,"0.115319865319865,0,0.165824915824916,0.432659932659933,0.284511784511784,0.00168350168350168"
99,CPES,"0.724282786885246,0.130122950819672,0.0832991803278689,0.0369877049180328,0.0233606557377049,0.00194672131147541"
100,CWPY,"0,0.1875,0.27445652173913,0.00951086956521739,0.263586956521739,0.264945652173913"
101,CPLG,"0.563001605136437,0,0,0.308587479935795,0.128410914927769,0"
102,CVPH,"0.0438432835820896,0,0.200559701492537,0.190298507462687,0.565298507462687,0"
103,FTC,"0.336621454993835,0,0.0221948212083847,0.0702836004932183,0.373612823674476,0.197287299630086"
104,CGFA,"0.303230543318649,0,0.161527165932452,0.23935389133627,0.295154185022026,0.000734214390602056"
105,CVSF,"0,0.0619195046439628,0,0.625386996904025,0,0.312693498452012"
106,CFMF,"0,0.184573002754821,0.09366391184573,0.202938475665748,0.518824609733701,0"
107,CAEH,"0.485054347826087,0.0818614130434783,0.244565217391304,0.0444972826086956,0.133152173913043,0.0108695652173913"
108,CKWD,"0,0.0449141347424042,0.562747688243065,0.0898282694848085,0.035667107001321,0.266842800528402"
109,CIHT,"0.0381619937694704,0.0342679127725857,0.225077881619938,0.258566978193146,0.434579439252336,0.00934579439252336"
110,CKEN,"0.367875647668394,0.212435233160622,0.202072538860104,0.0518134715025907,0.0162842339008142,0.149518874907476"
111,CNFY,"0.00285714285714286,0,0.332857142857143,0.211428571428571,0.322857142857143,0.13"
112,CSIT,"0.27124773960217,0.154912597950573,0.0427968655816757,0.215792646172393,0.315250150693189,0"
113,CAAS,"0.74243335337743,0.122870314692323,0.0480056123471638,0.0663459611144518,0.0194427741030267,0.00090198436560433"
114,CHWD,"0.00151975683890578,0.0410334346504559,0.203647416413374,0.446808510638298,0,0.306990881458967"
115,CPIW,"0.0795107033639144,0,0.150611620795107,0.559633027522936,0.210244648318043,0"
116,CQMY,"0.345247148288973,0,0,0.434220532319392,0.13384030418251,0.0866920152091255"
117,CEIV,"0.642523364485981,0.0603228547153781,0.0252761257434155,0.20964316057774,0.0611724723874257,0.00106202209005947"
118,CDAD,"0.641937364209634,0.243654284351651,0.103227173970643,0.0111811774680727,0,0"
119,CMQW,"0.198863636363636,0,0,0,0.454545454545455,0.346590909090909"
120,CKMF,"0.149782923299566,0,0.14616497829233,0.26917510853835,0.431259044862518,0.00361794500723589"
121,CSFY,"0,0.0266362252663623,0.288432267884323,0.350076103500761,0.32572298325723,0.0091324200913242"
122,CYRG,"0.246471226927253,0.160694896851249,0.0374592833876222,0.336590662323561,0.216069489685125,0.00271444082519001"
123,CVTT,"0.0306656694091249,0.0149588631264024,0.301421091997008,0.368735976065819,0.210919970082274,0.0732984293193717"
124,CEHT,"0.187551867219917,0.168464730290456,0.117842323651452,0.162655601659751,0.265560165975104,0.0979253112033195"
125,CRNA,"0.552551193573934,0.236112682430139,0.115510804389637,0.0831542029641362,0.0125579816721349,0.000113134970019233"
126,PDC,"0.778400163945625,0.179315527016873,0.0416695129448733,0.000614796092629278,0,0"
127,CLTI,"0.0809302325581395,0,0.228837209302326,0.17953488372093,0.498604651162791,0.012093023255814"
128,CYQL,"0.0683491062039958,0.082018927444795,0.20925341745531,0.427970557308097,0,0.212407991587802"
129,TYC,"0.244927536231884,0,0,0.0333333333333333,0.565217391304348,0.156521739130435"
130,CHRQ,"0.340936863543788,0.206109979633401,0.284725050916497,0.0847250509164969,0.00122199592668024,0.0822810590631365"
131,CWIR,"0.0187224669603524,0.220264317180617,0,0.459251101321586,0.079295154185022,0.222466960352423"
132,CATE,"0.521640091116173,0.173348519362187,0.113667425968109,0.126879271070615,0.0492027334851936,0.0152619589977221"
133,CFIH,"0,0.00291545189504373,0.124392614188533,0.480077745383868,0.384839650145773,0.00777453838678328"
134,CMES,"0.604270462633452,0.130486358244365,0.118861209964413,0.0298932384341637,0.106049822064057,0.0104389086595492"
135,CFPG,"0.00303030303030303,0,0.272727272727273,0.418181818181818,0.306060606060606,0"
136,CTEQ,"0.548470117243351,0.176293966256792,0.140263082642265,0.112096082356305,0.0225907921075207,0.000285959393766085"
137,CLRI,"0.548863636363636,0.0545454545454545,0,0.0125,0.154545454545455,0.229545454545455"
138,CLFW,"0,0,0.333333333333333,0,0.333333333333333,0.333333333333333"
139,CFGE,"0.0269005847953216,0,0.398830409356725,0.398830409356725,0.175438596491228,0"
140,ICW,"0.143939393939394,0,0,0,0.602272727272727,0.253787878787879"
141,CKQD,"0.242380261248186,0.00870827285921625,0.239477503628447,0.0275761973875181,0.191582002902758,0.290275761973875"
142,CRTY,"0.0232828870779977,0,0,0.414435389988359,0.562281722933644,0"
143,CVHH,"0.00505561172901921,0,0.399393326592518,0.382204246713852,0.00910010111223458,0.204246713852376"
144,CWRQ,"0.269635627530364,0.0510121457489879,0.148178137651822,0.324696356275304,0.0477732793522267,0.158704453441296"
145,CNWQ,"0.487051792828685,0.0318725099601594,0.0368525896414343,0.0577689243027888,0.185258964143426,0.201195219123506"
146,CVLQ,"0.483235927406952,0.115964318671178,0.244540141494925,0.0710550599815441,0.0436788680406029,0.0415256844047985"
147,CSRG,"0.392187912377936,0.120348376880443,0.18712061229876,0.244919503826867,0.0554235946159937,0"
148,TIC,"0.824514991181658,0.0407848324514991,0.00749559082892416,0.0266754850088183,0.0817901234567901,0.0187389770723104"
149,CWFH,"0,0,0.256534365924492,0.28944820909971,0.385285575992256,0.0687318489835431"
150,YRC,"0.682834046600095,0.0275796481217309,0.14075130765573,0.019020446980504,0.0613409415121255,0.0684736091298146"
151,CMDG,"0.580440258460191,0.203482641550761,0.118497426349797,0.08520424926076,0.0123754243784909,0"
152,CRQD,"0.205761316872428,0,0,0.37962962962963,0.319958847736626,0.0946502057613169"
153,CMQS,"0.660620052770449,0.134234828496042,0.0316622691292876,0.0534300791556728,0.0702506596306069,0.049802110817942"
154,CRVV,"0.410473623411629,0.0704659222179438,0.121293800539084,0.259530227185214,0.131690412013862,0.006546014632268"
155,CEK,"0.677928571428571,0.1875,0.0928571428571429,0.0322857142857143,0.00921428571428571,0.000214285714285714"
156,CTVM,"0.369949494949495,0,0.0454545454545455,0.0744949494949495,0.255050505050505,0.255050505050505"
157,CDNH,"0.570859006886553,0.0717651322943095,0.0761145342515404,0.165277274374773,0.0793765857194636,0.0366074664733599"
158,CVAT,"0.524541398116014,0.00347050074367873,0,0.171541893901834,0.300446207238473,0"
159,CFAH,"0.0943548387096774,0.162903225806452,0.00887096774193548,0.323387096774194,0.403225806451613,0.00725806451612903"
160,CWWW,"0,0.177734375,0.38671875,0.041015625,0,0.39453125"
161,CSLP,"0.241779497098646,0.00676982591876209,0.228239845261122,0,0.327852998065764,0.195357833655706"
162,CFVH,"0,0,0.173620457604307,0.543741588156124,0.0107671601615074,0.271870794078062"
163,KVC,"0.672358591248666,0.177355195498205,0.098379741922965,0.0318230328902687,0.0166876879790434,0.00339575046085185"
164,CGW,"0.255144032921811,0,0,0.3559670781893,0.346707818930041,0.0421810699588477"
165,CKQE,"0.447628458498024,0.340909090909091,0,0,0.0118577075098814,0.199604743083004"
166,CWPD,"0,0.273242630385488,0.196145124716553,0.22108843537415,0.0804988662131519,0.229024943310658"
167,CGVK,"0.63633259347789,0.0790507085538672,0.10927095782824,0.116100392692505,0.0592453474474987,0"
168,CYLF,"0,0,0.325167037861915,0.224944320712695,0.44988864142539,0"
169,CEKE,"0.442763157894737,0.244517543859649,0.154605263157895,0.0864035087719298,0.0609649122807018,0.0107456140350877"
170,CPTD,"0.563922942206655,0.0553415061295972,0.233274956217163,0.00770577933450088,0.0749562171628722,0.0647985989492119"
171,CRHS,"0.388544891640867,0,0.24922600619195,0.0495356037151703,0,0.312693498452012"
172,CLIM,"0.154652686762779,0,0.262123197903014,0.0996068152031455,0.222804718217562,0.260812581913499"
173,CQAK,"0.679944195891663,0.218213306393419,0.0935199884543224,0.00832250926059556,0,0"
174,DRC,"0.662304574406485,0.210133178922988,0.102721482339317,0.0240880138969311,0.000752750434279097,0"
175,CSAM,"0.615100316789863,0.0786694825765576,0.0762935586061246,0.175818373812038,0.0131995776135164,0.0409186906019007"
176,CVHR,"0.257756563245823,0.149562450278441,0,0.419252187748608,0.0127287191726333,0.160700079554495"
177,ASC,"0.793035253654342,0.137489251934652,0.0252794496990542,0.0107480653482373,0.0280309544282029,0.00541702493551161"
178,CLRV,"0.547287566010562,0.028324531925108,0.109937590014402,0.099375900144023,0.207873259721555,0.0072011521843495"
179,CFWT,"0,0,0,0,0.666666666666667,0.333333333333333"
180,CDVT,"0.542090348391399,0.147691281880313,0.160693448908151,0.0985164194032339,0.0510085014169028,0"
181,CDKL,"0.477454698693637,0.0994521702486304,0.06826801517067,0.207753898019385,0.112094395280236,0.0349768225874421"
182,CMYQ,"0.0309119010819165,0.00154559505409583,0.313755795981453,0.315301391035549,0.0262751159196291,0.312210200927357"
183,CVDR,"0.550944946589975,0.057518488085456,0.140920295809367,0.0805258833196385,0.108874281018899,0.0612161051766639"
184,CLHE,"0.457317073170732,0.0746951219512195,0.00914634146341463,0,0.150914634146341,0.307926829268293"
185,CRPT,"0.615799343647445,0.0982184716361932,0.135724331926864,0.083216127519925,0.0419596812001875,0.0250820440693858"
186,CESW,"0.294538943598926,0,0.180841539838854,0.191584601611459,0.304386750223814,0.0286481647269472"
187,CFGF,"0,0,0.196233894945491,0.400396432111001,0.296333002973241,0.107036669970268"
188,CDYL,"0.33402489626556,0.0656984785615491,0.186721991701245,0.25103734439834,0.045643153526971,0.116874135546335"
189,CNGL,"0.587989798284257,0.130071875724554,0.141201020171574,0.0472988638998377,0.0934384419197774,0"
190,CWQK,"0.191709844559585,0.134715025906736,0.234312032239493,0.206678180771445,0.214738054116292,0.0178468624064479"
191,CQVL,"0.543015332197615,0.00851788756388416,0.112862010221465,0.0787904599659285,0.256388415672913,0.000425894378194208"
192,CTKS,"0.164411366711773,0.0060893098782138,0.153585926928281,0.325439783491204,0.350473612990528,0"
193,CYPW,"0,0,0.140425531914894,0.429787234042553,0,0.429787234042553"
194,CDEG,"0.722555464256368,0.212448644207067,0.059202958093673,0.00579293344289236,0,0"
195,CGY,"0.47171381031614,0,0.000831946755407654,0.350249584026622,0.0183028286189684,0.158901830282862"
196,CYRM,"0.0780608052588332,0.0156121610517666,0.185702547247329,0.386195562859491,0.207888249794577,0.126540673788003"
197,CFWE,"0,0,0.404255319148936,0.378926038500507,0.0121580547112462,0.204660587639311"
198,CHHN,"0.0420664206642066,0.0745387453874539,0,0.703321033210332,0.180073800738007,0"
199,CHNT,"0.00224719101123596,0.0573033707865169,0.0191011235955056,0.526966292134831,0.206741573033708,0.187640449438202"
200,CVLI,"0.00218102508178844,0,0.185387131952017,0.444929116684842,0.294438386041439,0.0730643402399128"
201,CIN,"0.761031612166059,0.153708036345829,0.0550628434626476,0.0239403667228903,0.00625714130257359,0"
202,CRNV,"0.63484048657333,0.210351159054395,0.107642873536837,0.0218039935735598,0.0153775533624053,0.00998393389947211"
203,CHYK,"0,0.238805970149254,0.0664857530529172,0.272727272727273,0.295793758480326,0.126187245590231"
204,CHQM,"0.590241034685479,0.0470311581422693,0.037037037037037,0.142857142857143,0.091710758377425,0.0911228689006467"
205,CNSS,"0.0217391304347826,0.000836120401337793,0.338628762541806,0.312709030100334,0.31438127090301,0.0117056856187291"
206,CTMN,"0.608635097493036,0.111072423398329,0.0309888579387187,0.0828690807799443,0.126740947075209,0.0396935933147632"
207,CFFF,"0,0,0.0807926829268293,0.303353658536585,0.38719512195122,0.228658536585366"
208,CMVT,"0.278378378378378,0.0554054054054054,0.131756756756757,0.212837837837838,0.234459459459459,0.0871621621621622"
209,CGYK,"0.270725388601036,0,0,0.161917098445596,0.33419689119171,0.233160621761658"
210,CEWH,"0.172619047619048,0.0714285714285714,0.27891156462585,0.032312925170068,0.406462585034014,0.038265306122449"
211,CQPD,"0.532824112303881,0.155862923203964,0.132122213047069,0.12056151940545,0.0578034682080925,0.000825763831544178"
212,CTSS,"0.102753525856279,0,0.298186702484889,0.456682337139019,0.0792478173270651,0.0631296171927468"
213,CLAT,"0.489035995035168,0.0819197352089367,0.0835746793545718,0.199420769549028,0.146048820852296,0"
214,CIPK,"0.611380985426787,0.0955355077492482,0.0710154984964145,0.152903076567199,0.0682396483923201,0.00092528336803146"
215,CAQV,"0.71280276816609,0.157093425605536,0.0483440434997528,0.0586258032624815,0.0231339594661394,0"
216,CTQV,"0.587820512820513,0.0884615384615385,0.105128205128205,0.0740384615384615,0.105769230769231,0.0387820512820513"
217,CKWW,"0,0,0.150070126227209,0.283309957924264,0.283309957924264,0.283309957924264"
218,CNHT,"0,0.13013698630137,0.267123287671233,0.319349315068493,0.217465753424658,0.0659246575342466"
219,CGKL,"0.489858490566038,0.167452830188679,0.131603773584906,0.139622641509434,0.0662735849056604,0.00518867924528302"
220,CYMI,"0.00149700598802395,0,0.0793413173652695,0.31437125748503,0.311377245508982,0.293413173652695"
221,CIRK,"0.537189402665789,0.251193022873128,0.161346058910647,0.0468981405298667,0.00337337502056936,0"
222,CGQG,"0.663990484686292,0.15878679750223,0.0860838537020517,0.0383586083853702,0.0474278917633066,0.00535236396074933"
223,CKPT,"0.593137254901961,0.0924836601307189,0.146732026143791,0.0375816993464052,0.0950980392156863,0.0349673202614379"
224,RCY,"0.731282431430689,0.0400296515937732,0.000741289844329133,0.0748702742772424,0.0826538176426983,0.0704225352112676"
225,CAEM,"0.669094757813473,0.183102975968124,0.119848088656456,0.0261486738886814,0.00180550367326609,0"
226,CNFE,"0.12611198325484,0.338566195709053,0.223443223443223,0.108843537414966,0.126635269492412,0.076399790685505"
227,CPVR,"0.611376375337347,0.101307867967615,0.116877724724933,0.100062279427029,0.0680921735520033,0.00228357899107328"
228,CDDH,"0.674368386957461,0.133880371410063,0.0960915568991579,0.0380047505938242,0.0256963938674152,0.0319585402720795"
229,CIRI,"0.336996336996337,0.014041514041514,0.288156288156288,0.115384615384615,0.123321123321123,0.122100122100122"
230,CHMP,"0.180746561886051,0.197445972495088,0,0.198428290766208,0.25147347740668,0.171905697445973"
231,CFST,"0.219512195121951,0,0.0024390243902439,0.526829268292683,0.00975609756097561,0.241463414634146"
232,CHMF,"0.00136798905608755,0,0,0.255813953488372,0.733242134062928,0.00957592339261286"
233,YCL,"0.123229461756374,0,0.018413597733711,0,0.858356940509915,0"
234,CLGM,"0.183722804190169,0,0.161966156325544,0.325543916196616,0.328767123287671,0"
235,CSDM,"0.504661123708743,0.225497606449987,0.148400100781053,0.0267069790879315,0.0531620055429579,0.0415721844293273"
236,CDIQ,"0.590283522599083,0.226066029931563,0.140783635406483,0.0409114837933368,0.00195532826953448,0"
237,CSAN,"0.586441727286798,0.0838879430428726,0.184027240365269,0.104008667388949,0.0416344219161121,0"
238,CRST,"0.28272656855151,0.0914020139426801,0.192486444616576,0.317583268783888,0.110766847405112,0.00503485670023238"
239,CTLW,"0,0,0.00119047619047619,0.59047619047619,0.235714285714286,0.172619047619048"
240,DCH,"0.699588199554445,0.160332140687234,0.100452305407412,0.0332815769931817,0.00634577735772632,0"
241,CSNY,"0.103658536585366,0,0.024390243902439,0.0508130081300813,0.410569105691057,0.410569105691057"
242,CRVE,"0.111368909512761,0.00348027842227378,0.416473317865429,0.234338747099768,0,0.234338747099768"
243,CAFN,"0.512003000750188,0.166541635408852,0.0873968492123031,0.155663915978995,0.0112528132033008,0.0671417854463616"
244,CEQH,"0.612346498506472,0.0823099900431464,0.09459010952539,0.101891802190508,0.0746764022568868,0.0341851974775971"
245,CFKT,"0.436363636363636,0.0262626262626263,0.0101010101010101,0.0545454545454545,0.0646464646464646,0.408080808080808"
246,CGTQ,"0.499555555555556,0.163259259259259,0.032,0.193185185185185,0.106962962962963,0.00503703703703704"
247,CEIM,"0.621004566210046,0.174841655619384,0.0637796435410222,0.088672853144793,0.0517012814847548,0"
248,CSNG,"0.406517311608961,0.129938900203666,0.0415478615071283,0.270061099796334,0.15112016293279,0.000814663951120163"
249,CIFE,"0.00131061598951507,0.155963302752294,0.00262123197903014,0.560943643512451,0.0144167758846658,0.264744429882045"
250,HCH,"0.685017421602787,0,0.0606271777003484,0.113588850174216,0,0.140766550522648"
251,CHWS,"0,0.297872340425532,0.319148936170213,0,0.0759878419452888,0.306990881458967"
252,CNQK,"0.587396849212303,0.266180181408989,0.116006274295847,0.0276887403669099,0.00272795471595172,0"
253,YYC,"0.0193423597678917,0.04642166344294,0.152804642166344,0.241779497098646,0.148936170212766,0.390715667311412"
254,CNVE,"0.56569754338517,0.175569078205995,0.125084516565247,0.0685147622267298,0.041018706333108,0.0241153932837503"
255,CQQV,"0.599371127346712,0.227134005363914,0.126236937020253,0.0282992693979469,0.0189586608711736,0"
256,CSQT,"0.501151189562548,0.169992325402916,0.0330007674597084,0.217958557175748,0.00729086722947045,0.0706062931696086"
257,CAQF,"0.453034081463009,0.00249376558603491,0,0,0.461346633416459,0.0831255195344971"
258,CTM,"0.779435028248588,0.111186440677966,0.0386440677966102,0.0303954802259887,0.0352542372881356,0.00508474576271186"
259,WCA,"0.512210394489668,0,0.0770194113963682,0.157795867251096,0.126487163431434,0.126487163431434"
260,CMDQ,"0.613505563371275,0.172272669139276,0.109093234428955,0.0728993477426781,0.0303107814298504,0.00191840388796521"
261,CGAI,"0.782358820589705,0.0214892553723138,0,0.145427286356822,0.0102448775612194,0.04047976011994"
262,CARG,"0.632057833728032,0.236071295026798,0.10438738626449,0.0258008226349246,0.00168266234575595,0"
263,CVEF,"0.00810372771474878,0.0680713128038898,0.341977309562399,0.166936790923825,0.141004862236629,0.273905996758509"
264,CSPG,"0.710737764791819,0.0469929388848308,0.00340881421962503,0.145605064523983,0.0925249573898222,0.000730460189919649"
265,CRPP,"0.621969862415374,0.0823323869840576,0.114872242847783,0.11858484385237,0.0517580257698187,0.0104826381305962"
266,CNMQ,"0.632657306292252,0.211128445137806,0.0862194487779511,0.0459698387935517,0.0235049401976079,0.000520020800832033"
267,CDIG,"0.632063074901446,0.167636568425005,0.144077341843439,0.0385770602590576,0.0172705087291158,0.000375445841937301"
268,VCN,"0.747393708639289,0.170746079231257,0.0674462877345662,0.0135073882694225,0.0009065361254646,0"
269,EFC,"0.639373368146214,0.14088772845953,0.104125326370757,0.110078328981723,0.00553524804177546,0"
270,CAWN,"0.357441721458458,0.031679617453676,0.0406455469216975,0.212791392707711,0.355050806933652,0.00239091452480574"
271,CYTW,"0,0.0885200553250346,0.0885200553250346,0.309820193637621,0.233748271092669,0.27939142461964"
272,CKME,"0.467391304347826,0,0,0.0833333333333333,0.213768115942029,0.235507246376812"
273,CATF,"0.047071129707113,0,0.211297071129707,0.376569037656904,0.182008368200837,0.183054393305439"
274,CLSD,"0.20231822971549,0,0.233930453108535,0.308746048472076,0.0842992623814542,0.170706006322445"
275,CTHD,"0.226966292134831,0.00898876404494382,0.330337078651685,0.0808988764044944,0.125842696629213,0.226966292134831"
276,CIWN,"0.00420757363253857,0.173913043478261,0,0.283309957924264,0.255259467040673,0.283309957924264"
277,CHGH,"0.131876412961567,0.240391861341371,0.191409193669932,0.0437076111529766,0.363225320271289,0.0293896006028636"
278,CHQS,"0.338072669826224,0,0.118483412322275,0.192733017377567,0.0552922590837283,0.295418641390205"
279,CTHM,"0.19831223628692,0,0,0.278481012658228,0.239099859353024,0.284106891701828"
280,CMDA,"0.639994472084024,0.163488114980652,0.0901050304035379,0.076147042564953,0.0268103924820343,0.00345494748479823"
281,CWY,"0.0678733031674208,0,0,0,0.565610859728507,0.366515837104072"
282,CSS,"0.483653846153846,0.0278846153846154,0.260096153846154,0.0341346153846154,0.19375,0.000480769230769231"
283,CLDV,"0.570117474302496,0.0469897209985316,0.000367107195301028,0.240822320117474,0.136196769456681,0.00550660792951542"
284,CYRK,"0.198269375470278,0.176448457486832,0.335590669676448,0.200526711813394,0.0410082768999248,0.0481565086531226"
285,CTTL,"0.116681071737252,0,0.273120138288678,0.362143474503025,0.13742437337943,0.110630942091616"
286,CSYR,"0.00864197530864197,0,0.323456790123457,0,0.588888888888889,0.0790123456790123"
287,CHVN,"0.0150044130626655,0.0661959399823478,0.131509267431598,0.403353927625772,0.350397175639894,0.0335392762577229"
288,CFHI,"0,0,0.211847389558233,0.418674698795181,0.310240963855422,0.0592369477911647"
289,SCR,"0.671170450911417,0.178285897025903,0.107371282379277,0.0261432683082827,0.0168692037096258,0.000159897665494084"
290,CEHI,"0.430086410054988,0.15082482325216,0.171249018067557,0.121366849960723,0.0699135899450118,0.0565593087195601"
291,CTYF,"0.0276381909547739,0.108040201005025,0.236180904522613,0.410804020100502,0.187185929648241,0.0301507537688442"
292,CTW,"0.0278637770897833,0,0,0.381836945304438,0.553147574819401,0.0371517027863777"
293,CVGK,"0.575055755704238,0.106021616057643,0.127637673700463,0.151998627551896,0.0382569909075313,0.00102933607822954"
294,CESG,"0.575518754988029,0.18745011971269,0.16450518754988,0.0636472466081405,0.00887869114126097,0"
295,NCM,"0.725709862712348,0.202550209801605,0.0679920153175541,0.0037479121684931,0,0"
296,CNDH,"0.180764774044032,0.0590961761297798,0.231749710312862,0.402665121668598,0.108922363847045,0.0168018539976825"
297,NQC,"0.712951890350474,0.194692300616319,0.0818691932664888,0.0104866157667188,0,0"
298,CRHK,"0.278738946559016,0.144944252210688,0.354479046520569,0.106113033448674,0.0542099192618224,0.0615148019992311"
299,CQEP,"0.59391134057326,0.221025458429767,0.116610290190493,0.0610646252447926,0.00738828556168773,0"
300,CIEV,"0.622657226155768,0.0287380258225739,0.00999583506872137,0.178675551853394,0.152019991670137,0.00791336942940441"
301,CTEN,"0.485256950294861,0.181550126368997,0.164700926705981,0.0941449031171019,0.073715248525695,0.0006318449873631"
302,CIPH,"0.00778642936596218,0,0.0901001112347052,0.478309232480534,0.324805339265851,0.0989988876529477"
303,CQNS,"0.534509803921569,0.0113725490196078,0.154509803921569,0.111372549019608,0.185098039215686,0.00313725490196078"
304,CWLE,"0.00854700854700855,0.0324786324786325,0,0.345299145299145,0.268376068376068,0.345299145299145"
305,CTVS,"0.0934163701067616,0.197508896797153,0.0160142348754448,0.177935943060498,0.51423487544484,0.000889679715302491"
306,CVKS,"0.380208333333333,0.134114583333333,0.173611111111111,0.145833333333333,0.13671875,0.0295138888888889"
307,CTTE,"0.195242001640689,0.0672682526661198,0.279737489745693,0.155865463494668,0.136177194421657,0.165709598031173"
308,CHIK,"0.174119241192412,0.00542005420054201,0,0.545392953929539,0.275067750677507,0"
309,CAEA,"0.696864660469513,0.187490152828108,0.0971062444199359,0.0184339057822593,0.000105036500183814,0"
310,CPIN,"0.654214746724037,0.079405437121064,0.0831214551144142,0.104244083708195,0.0790142773322902,0"
311,CTVF,"0.0151315789473684,0.0809210526315789,0.215131578947368,0.555921052631579,0.131578947368421,0.00131578947368421"
312,CFAL,"0.0466269841269841,0,0.400793650793651,0.35218253968254,0,0.200396825396825"
313,CFIK,"0.0564053537284895,0.183556405353728,0.292543021032505,0.178776290630975,0.106118546845124,0.182600382409178"
314,CQEY,"0.5721875,0.133125,0.08125,0.0825,0.1309375,0"
315,CGHH,"0.0744514106583072,0,0.288401253918495,0.317398119122257,0.318181818181818,0.00156739811912226"
316,CYRY,"0.0480905233380481,0,0.536067892503536,0,0.13012729844413,0.285714285714286"
317,CWMF,"0,0,0.265440210249671,0.469119579500657,0,0.265440210249671"
318,CQGE,"0.345132743362832,0.322763028515241,0.127335299901672,0.127826941986234,0.0754670599803343,0.00147492625368732"
319,CLQT,"0.439902379499695,0.0622330689444783,0.147651006711409,0.0585723001830384,0.228187919463087,0.0634533251982916"
320,CNAS,"0.704866562009419,0.0812401883830455,0.0733908948194662,0.0802590266875981,0.048469387755102,0.0117739403453689"
321,EYC,"0.657761217694625,0.184715395592199,0.102663706992231,0.0463770413825908,0.00848263833835421,0"
322,CALK,"0.692058346839546,0.153846153846154,0.0633337489091136,0.0549806757262187,0.0317915471886298,0.00398952749033786"
323,CYMR,"0.161538461538462,0.0525641025641026,0.330769230769231,0.137820512820513,0.294871794871795,0.0224358974358974"
324,CGGF,"0.0787696924231058,0.0262565641410353,0.138784696174044,0.45311327831958,0.303075768942236,0"
325,CDRV,"0.477722772277228,0.162953795379538,0.16996699669967,0.0713696369636964,0.0490924092409241,0.0688943894389439"
326,CTFH,"0.044955044955045,0.200799200799201,0.031968031968032,0.23976023976024,0.281718281718282,0.200799200799201"
327,CWGK,"0.0126742712294043,0.0253485424588086,0.0418250950570342,0.288973384030418,0.622306717363752,0.00887198986058302"
328,CVQT,"0.628916449086162,0.0656005221932115,0.0306788511749347,0.0780026109660574,0.195822454308094,0.00097911227154047"
329,FLC,"0.377007607776839,0,0.0177514792899408,0.404902789518174,0.0456466610312764,0.15469146238377"
330,CTWQ,"0.00574241181296144,0.0836751435602953,0.259228876127974,0.320754716981132,0.187038556193601,0.143560295324036"
331,DCD,"0.847691002162547,0.139990692836221,0.0123183050012318,0,0,0"
332,CRSD,"0.0180940892641737,0.243667068757539,0.250904704463209,0.243667068757539,0,0.243667068757539"
333,GSC,"0.768303337410449,0.10405381792766,0.0597588677267168,0.0479643543596016,0.0194827887471606,0.000436833828411672"
334,CFWK,"0,0,0.0986159169550173,0.448096885813149,0.103806228373702,0.349480968858132"
335,CWAT,"0.00191570881226054,0,0.113026819923372,0.111111111111111,0.386973180076628,0.386973180076628"
336,CGWD,"0.00793650793650794,0,0.194444444444444,0.396825396825397,0,0.400793650793651"
337,CGYP,"0.0330722367275892,0.02088772845953,0.242819843342037,0.351610095735422,0.351610095735422,0"
338,CNHD,"0.0478515625,0.3134765625,0.05078125,0.390625,0,0.197265625"
339,CQMF,"0.0781527531083481,0.0239786856127886,0.171403197158082,0.295737122557726,0.430728241563055,0"
340,CAKE,"0.521668472372698,0.134886240520043,0.104550379198267,0.0975081256771398,0.0319609967497291,0.109425785482124"
341,CMHE,"0.123471882640587,0.240831295843521,0.0378973105134474,0.0378973105134474,0.39119804400978,0.168704156479218"
342,CAWD,"0.202489626556017,0,0.227385892116183,0.0763485477178423,0.49045643153527,0.0033195020746888"
343,CKNN,"0.535758373796395,0.252489507036458,0.164760102049214,0.0451814665459633,0.00181055057196939,0"
344,CWNW,"0,0,0.664473684210526,0,0.00328947368421053,0.332236842105263"
345,CYNF,"0.0448791714614499,0.232451093210587,0,0.368239355581128,0.121979286536249,0.232451093210587"
346,CMKY,"0.12972972972973,0.128378378378378,0.128378378378378,0.340540540540541,0,0.272972972972973"
347,CAGK,"0.661943986820428,0.214168039538715,0.105052169137836,0.0187259747391543,0.000109829763866008,0"
348,CESA,"0.518532574320051,0.246552814674257,0.136495888678052,0.0690702087286528,0.029348513598988,0"
349,CVQF,"0.120141342756184,0.0300353356890459,0.049469964664311,0.143109540636042,0.300353356890459,0.356890459363958"
350,CHMR,"0.196252465483235,0.314595660749507,0.00690335305719921,0.255424063116371,0.0276134122287968,0.199211045364892"
351,CRVG,"0.579780146568954,0.152398401065956,0.138907395069953,0.0734510326449034,0.0532978014656895,0.00216522318454364"
352,CPNK,"0.675347125411253,0.202587408687894,0.100931244075169,0.0206881168794959,0.000446104946188591,0"
353,CFAN,"0.221957040572792,0.174821002386635,0.122315035799523,0.130668257756563,0.350238663484487,0"
354,CRAN,"0.642730943967693,0.2223624432105,0.103167592125189,0.0299091367995962,0.00182988389702171,0"
355,CDLW,"0.0036101083032491,0,0.127557160048135,0.382671480144404,0.385078219013237,0.101083032490975"
356,CQGK,"0.582462958464902,0.211318921544814,0.159096429438912,0.0424257145170432,0.0046959760343292,0"
357,CKQV,"0.587463556851312,0.169258179462261,0.141885325558795,0.0646258503401361,0.0268869452542922,0.00988014253320376"
358,CSMK,"0.483680870353581,0.151405258386219,0.162511332728921,0.155485040797824,0.0455575702629193,0.0013599274705349"
359,CQKY,"0.160179640718563,0,0.31811377245509,0.327844311377246,0.0853293413173653,0.108532934131737"
360,PCY,"0.157232704402516,0,0,0.383647798742138,0.207547169811321,0.251572327044025"
361,CAMH,"0.154713114754098,0,0,0.57172131147541,0.108606557377049,0.164959016393443"
362,CFTD,"0.0219638242894057,0,0.0917312661498708,0.108527131782946,0.772609819121447,0.00516795865633075"
363,CFDP,"0.0147368421052632,0.0645614035087719,0.0589473684210526,0.529824561403509,0.331929824561404,0"
364,CYTK,"0.000770416024653313,0,0.312018489984592,0.51386748844376,0.12788906009245,0.0454545454545455"
365,CEVG,"0.613375571981697,0.219148187258008,0.132840549102429,0.0317493840197114,0.00288630763815558,0"
366,CSGQ,"0.44722118612458,0.0455054084296904,0.100335695635957,0.190600522193211,0.214845207012309,0.00149198060425214"
367,CYSY,"0,0,0.483425414364641,0.174953959484346,0.279926335174954,0.0616942909760589"
368,CTNH,"0.0225255972696246,0,0.316723549488055,0.384982935153584,0.275085324232082,0.00068259385665529"
369,CHKT,"0.135046113306983,0.0230566534914361,0.263504611330698,0.442028985507246,0.131093544137022,0.00527009222661397"
370,CTIL,"0.0115830115830116,0,0.194015444015444,0.405405405405405,0.387065637065637,0.00193050193050193"
371,CYTM,"0.154189944134078,0,0.225698324022346,0.15195530726257,0.259217877094972,0.208938547486034"
372,CVAR,"0.59572342126299,0.14918065547562,0.162769784172662,0.0885291766586731,0.00379696243005595,0"
373,CWTK,"0.00328227571115974,0.218818380743982,0.114879649890591,0.442013129102845,0,0.221006564551422"
374,CARY,"0.305616740088106,0.169052863436123,0.0115638766519824,0.28579295154185,0.226872246696035,0.00110132158590308"
